74 0.545177 0.511614 0.289377 0.57335
74 0.504613 0.529793 0.391767 0.713731
74 0.839931 0.683486 0.0916667 0.249017
74 0.45816 0.581258 0.236458 0.445609
74 0.517882 0.488592 0.251042 0.468709
74 0.558507 0.476452 0.163542 0.316774
10 0.89663 0.499025 0.206046 0.974642
74 0.439541 0.457087 0.327311 0.613784
74 0.478472 0.522316 0.374306 0.694049
74 0.508888 0.507117 0.825115 0.88019
74 0.377693 0.373402 0.330785 0.592072
74 0.489757 0.463689 0.231597 0.431234
74 0.47309 0.538036 0.317708 0.636541
74 0.515784 0.523466 0.895112 0.510229
74 0.492347 0.438323 0.90102 0.51497
74 0.472848 0.516867 0.882172 0.485542
74 0.479082 0.3929 0.311224 0.198687
74 0.499359 0.466667 0.873077 0.486806
0 0.919965 0.876765 0.158681 0.228498
74 0.515625 0.436457 0.4125 0.862644
74 0.532587 0.526699 0.867617 0.492718
74 0.485685 0.524096 0.92229 0.536145
74 0.451355 0.521345 0.402363 0.793014
74 0.495626 0.498711 0.5 0.921392
74 0.482618 0.528076 0.756646 0.426523
74 0.430328 0.689614 0.467213 0.225845
0 0.80726 0.909661 0.197342 0.179423
74 0.625767 0.613237 0.476483 0.239021
74 0.458504 0.528279 0.851434 0.486161
74 0.612245 0.461377 0.77551 0.503593
74 0.489062 0.533462 0.376736 0.689833
74 0.593929 0.477464 0.797251 0.839543
74 0.489062 0.460079 0.232986 0.441099
74 0.559214 0.472222 0.311178 0.518182
